 1.28
 0.19
 2.36
 1.54
 0.30
 0.21
 1.33
 3.06
 1.02
 0.22
 0.01
 0.52
 0.48
 0.99
 1.22
 0.29
 0.36
 2.52
 1.23
 0.55
 0.62
 88.41
 0.18
 99.60
 nan
 0.97
 0.67
 1.08
 0.44
 0.15
 0.39
 13.57
 1.37
 1.44
 0.75
 6.04
 0.99
 0.87
 9.87
 3.31
 6.19
 6.10
 28.47
 4.52
 1.51
 2.04
 2.62
 33.76
 1.93
 0.30
 3.50
 17.18
 1.15
 5.96
 0.66
 3.05
 0.26
 1.86
 0.14
 0.47
 7.43
 7.28
 2.87
 1.55
 1.66
 9.18
 3.38
 2.80
 0.67
 0.29
 5.82
 1.68
 0.10
 0.89
 0.92
 0.22
 0.04
 0.88
 99.22
 99.96
 2.14
 0.53
 0.42
 2.11
 0.41
 0.62
 0.21
 4.02
 0.17
 0.41
 3.27
 0.47
 1.55
 1.83
 7.53
 1.25
 3.55
 0.28
 2.31
 19.74
 1.00
 4.85
 1.04
 0.58
 2.57
 1.18
 4.12
 0.44
 0.88
 0.38
 1.42
 0.58
 0.01
 0.01
 4.26
 1.63
 1.83
 0.14
 0.26
 1.64
 0.23
 1.32
 0.73
 1.47
 14.19
 66.30
 3.88
 0.21
 0.76
 12.26
 94.69
 nan
 1.84
 2.17
 0.87
 18.62
 14.82
 1.98
 0.65
 19.22
 1.59
 0.68
 1.08
 3.29
 1.01
 4.87
 1.10
 2.73
 0.18
 8.21
 2.37
 2.13
 1.60
 3.08
 6.03
 1.81
 1.09
 4.35
 1.60
 0.63
 1.09
 47.86
 2.49
 1.85
 1.88
 5.61
 0.21
 0.78
 1.88
 8.65
 9.66
 0.58
 0.83
 0.95
 1.88
 7.43
 8.65
 73.19
 26.28
 7.89
 3.67
 0.86
 0.19
 0.75
 9.94
 5.18
 nan
 nan
 0.86
 3.07
 0.25
 0.56
 13.61
 99.65
 3.35
 2.75
 8.21
 1.22
 7.11
 nan
 4.70
 1.04
 0.28
 2.32
 0.39
 0.76
 1.61
 2.56
 1.68
 4.52
 0.71
 0.08
 3.03
 3.09
 1.12
 0.40
 2.11
 1.20
 6.91
 9.45
 2.00
 7.11
 9.25
 10.79
 0.02
 36.76
 39.33
 1.10
 1.45
 3.56
 1.08
 1.21
 0.66
 0.29
 0.72
 2.14
 98.63
 4.17
 0.97
 1.91
 2.16
 nan
 nan
 13.58
 7.47
 1.75
 0.58
 2.34
 0.08
 nan
 5.36
 19.46
 6.97
 4.55
 0.00
 6.69
 1.21
 3.19
 10.63
 1.35
 3.01
 1.79
 75.18
 0.01
 2.12
 1.00
 0.66
 2.06
 0.92
 3.70
 13.30
 1.40
 0.89
 0.59
 2.73
 7.42
 10.68
 4.44
 1.12
 0.89
 1.16
 99.85
 20.72
 1.91
 2.47
 5.81
 nan
 11.80
 38.48
 16.88
 6.23
 0.05
 0.47
 0.56
 0.39
 0.35
 2.96
 18.47
 0.72
 0.67
 48.76
 3.32
 1.47
 17.13
 1.16
 0.40
 4.71
 80.91
 61.69
 5.95
 0.80
 0.10
 0.58
 20.31
 1.19
 1.34
 2.24
 1.39
 0.27
 0.98
 10.88
 8.55
 5.48
 2.60
 1.63
 1.71
 1.39
 0.17
 99.04
 97.52
 18.52
 1.34
 nan
 nan
 nan
 1.71
 3.32
 1.68
 2.56
 1.32
 0.56
 0.18
 82.74
 2.78
 1.37
 2.57
 3.76
 2.34
 0.61
 9.59
 1.29
 4.27
 12.74
 3.45
 0.79
 0.16
 0.33
 0.45
 1.51
 0.25
 0.68
 1.19
 98.52
 0.66
 0.39
 5.80
 4.43
 4.90
 6.04
 4.42
 43.27
 97.80
 99.42
 5.71
 1.26
 0.50
 9.33
 0.52
 10.87
 0.98
 1.17
 5.04
 1.36
 1.67
 0.37
 1.50
 2.80
 2.10
 0.42
 5.00
 0.40
 6.53
 0.71
 1.23
 0.32
 1.12
 2.34
 1.07
 1.90
 2.07
 0.55
 0.84
 3.14
 0.41
 0.43
 0.01
 0.64
 4.80
 0.32
 0.86
 0.85
 1.69
 0.20
 7.51
 0.58
 0.68
 0.22
 0.76
 2.24
 3.76
 89.24
 0.56
 2.69
 1.10
 0.54
 1.00
 2.77
 0.51
 1.10
 1.83
 0.65
 4.38
 0.80
 94.43
 1.40
 0.86
 3.20
 0.19
 4.20
 0.34
 0.41
 5.55
 14.92
 5.20
 1.90
 3.05
 16.09
 9.61
 10.40
 80.40
 0.13
 1.41
 0.63
 0.08
 1.47
 0.85
 3.49
 1.17
 4.91
 1.10
 1.28
 0.71
 0.30
 9.66
 nan
 0.07
 0.43
 1.27
 0.63
 0.52
 3.84
 0.01
 3.16
 13.85
 0.32
 nan
 99.97
 0.57
