 4.47
 4.91
 0.29
 4.37
 0.41
 1.85
 2.76
 1.94
 6.92
 2.45
 7.07
 1.20
 4.06
 0.73
 3.07
 5.37
 7.42
 3.63
 29.47
 2.75
 7.86
 5.80
 nan
 0.77
 3.28
 8.93
 6.37
 0.61
 0.21
 0.72
 1.22
 0.42
 2.53
 3.89
 1.19
 0.27
 0.92
 0.24
 0.65
 1.27
 8.97
 0.77
 0.06
 4.16
 0.04
 0.09
 0.68
 2.38
 0.86
 0.11
 0.83
 0.95
 3.43
 3.63
 2.40
 1.34
 1.13
 1.92
 0.26
 0.66
 0.68
 1.81
 2.11
 5.60
 88.34
 3.18
 6.01
 3.72
 7.65
 58.55
 7.12
 16.47
 3.95
 0.89
 4.88
 0.59
 8.28
 24.03
 2.78
 0.62
 3.66
 2.58
 0.25
 4.52
 2.14
 3.26
 0.93
 0.10
 8.07
 4.80
 0.12
 1.57
 1.63
 1.48
 0.42
 0.56
 3.65
 2.36
 0.94
 0.62
 4.47
 3.15
 0.45
 5.70
 1.19
 5.38
 2.69
 0.54
 0.99
 8.59
 15.99
 0.38
 1.42
 1.72
 19.98
 2.42
 2.18
 93.84
 0.05
 1.19
 6.91
 5.27
 25.24
 3.29
 3.76
 10.04
 1.16
 0.34
 4.90
 6.10
 0.30
 1.40
 0.00
 0.37
 0.65
 3.05
 2.07
 0.00
 1.07
 0.54
 0.57
 5.10
 0.46
 11.52
 0.25
 5.10
 0.24
 2.31
 0.02
 2.08
 1.27
 0.35
 4.55
 3.55
 2.29
 3.92
 0.51
 0.62
 3.30
 3.63
 2.07
 1.00
 1.44
 0.91
 2.28
 90.13
 2.13
 2.52
 0.88
 14.74
 2.08
 2.93
 2.58
 0.37
 2.04
 26.01
 0.31
 37.27
 1.42
 1.42
 0.41
 1.53
 0.09
 0.52
 12.61
 1.70
 0.34
 6.18
 0.22
 8.91
 0.44
 nan
 143.12
 1.60
 1.08
 2.66
 0.79
 1.29
 2.74
 2.48
 99.17
 0.98
 2.48
 20.63
 0.13
 24.58
 0.85
 3.00
 3.20
 0.98
 0.07
 2.44
 0.72
 8.74
 0.17
 84.09
 39.36
 0.00
 172.96
 3.05
 0.91
 0.39
 nan
 2.27
 4.33
 nan
 6.05
 9.49
 1.55
 0.00
 15.71
 2.29
 0.05
 0.19
 7.61
 1.32
 2.98
 0.73
 1.63
 0.31
 0.91
 0.16
 3.29
 0.95
 0.11
 9.15
 2.34
 0.68
 3.91
 1.34
 0.13
 0.17
 0.49
 0.58
 0.43
 10.44
 0.19
 28.86
 8.03
 2.46
 8.52
 0.89
 2.72
 0.28
 2.87
 8.87
 4.55
 6.17
 1.69
 2.71
 37.45
 2.31
 2.53
 1.20
 94.30
 1.03
 0.36
 4.01
 0.17
 0.31
 0.81
 8.34
 0.24
 1.79
 5.90
 0.98
 6.37
 2.38
 0.20
 0.14
 0.95
 0.56
 9.56
 1.38
 17.35
 3.50
 1.70
 6.87
 1.12
 0.33
 1.92
 4.67
 6.57
 2.37
