 3.73
 5.72
 0.33
 1.46
 9.17
 0.78
 3.86
 4.94
 4.44
 37.98
 0.28
 0.77
 3.11
 0.64
 6.18
 1.56
 4.57
 96.65
 7.58
 90.71
 55.36
 5.30
 nan
 2.33
 2.31
 0.84
 3.53
 2.56
 1.93
 0.32
 3.28
 7.50
 0.78
 1.85
 0.85
 44.55
 96.45
 10.89
 21.51
 57.40
 10.66
 99.11
 10.48
 0.17
 11.12
 12.35
 0.41
 26.59
 4.34
 3.76
 6.72
 82.34
 2.78
 0.44
 66.42
 0.19
 0.28
 1.11
 4.06
 0.59
 2.38
 0.89
 0.38
 75.26
 0.97
 9.48
 5.62
 0.54
 1.00
 0.52
 3.03
 1.81
 32.08
 39.72
 5.38
 3.78
 35.46
 0.25
 1.47
 2.74
 0.27
 0.24
 0.28
 0.69
 0.03
 1.78
 0.90
 1.16
 52.91
 0.28
 2.52
 0.42
 2.77
 1.34
 1.96
 0.60
 1.94
 1.56
 6.73
 2.58
 1.39
 4.15
 2.89
 0.60
 8.60
 0.50
 0.07
 1.25
 0.07
 0.87
 1.74
 2.43
 1.21
 2.41
 4.03
 1.82
 8.60
 1.09
 10.60
 3.67
 42.77
 3.36
 0.41
 0.42
 4.45
 30.49
 0.09
 4.13
 2.76
 1.39
 0.19
 0.17
 1.22
 3.24
 7.35
 1.08
 0.48
 1.82
 0.08
 0.43
 0.80
 3.95
 0.10
 0.81
 0.15
 0.57
 1.39
 0.09
 5.09
 0.02
 0.05
 0.45
 2.63
 5.08
 4.42
 4.26
 0.01
 0.15
 0.62
 1.21
 0.05
 0.85
 0.63
 41.13
 80.90
 95.06
 1.45
 5.30
 64.16
 0.30
 0.22
 1.23
 0.44
 0.65
 1.07
 2.14
 35.26
 0.37
 0.51
 9.76
 1.25
 0.00
 1.03
 6.16
 2.71
 0.07
 13.28
 2.85
 4.13
 1.70
 31.42
 12.27
 0.16
 7.38
 0.36
 1.00
 95.24
 2.68
 280.35
 837.01
 14.27
 91.32
 28.41
 14.39
 46.51
 50.69
 0.76
 48.51
 2.26
 30.52
 59.73
 1.98
 1.72
 1.30
 9.53
 2.00
 22.03
 18.19
 1.58
 0.07
 1.36
 1.28
 7.42
 49.08
 5.61
 11.47
 0.88
 0.89
 89.83
 0.84
 1.69
 23.38
 0.22
 1.06
 1.03
 0.17
 0.12
 0.31
 0.60
 1.03
 1.63
 1.69
 1.08
 6.25
 0.96
 0.90
 0.97
 0.07
 1.74
 6.00
 0.49
 1.71
 4.96
 0.14
 1.83
 15.20
 15.36
 1.37
 1.20
 2.46
 1.81
 1.30
 1.12
 85.35
 0.15
 15.73
 6.58
 2.34
 5.79
 2.16
 3.26
 5.29
 3.17
 2.06
 4.59
 0.18
 3.84
 0.82
 80.14
 0.66
 0.04
 1.26
 0.46
 0.28
 1.08
 4.46
 0.86
 20.66
 1.27
 0.49
 3.10
 10.36
 3.42
 2.63
 5.96
 2.41
 5.34
 0.70
 1.16
 0.14
 0.36
 2.64
 1.03
 1.28
 0.36
 5.62
 0.14
 1.69
 0.61
 1.37
 0.80
 1.22
 4.73
 0.99
 5.37
 0.37
 0.31
 0.74
 4.74
 9.24
 7.68
 4.45
 1.73
 3.67
 3.20
 5.00
 14.47
 7.12
 0.08
 1.61
 0.69
 4.78
 0.71
 3.03
 8.25
 5.30
 7.34
 1.38
 1.81
 0.50
 1.24
 4.44
 4.27
 0.99
 9.56
 1.98
 0.25
 7.74
 3.19
 1.00
 0.92
 0.65
 5.14
 0.75
 1.77
 1.36
 6.98
 0.83
 2.28
 1.60
 2.81
 0.55
 3.11
