 59.34
 21.22
 2.32
 10.20
 5.65
 0.95
 3.38
 83.88
 1.34
 0.05
 1.18
 0.21
 0.49
 6.52
 1.09
 1.14
 1.02
 0.62
 1.80
 2.17
 1.00
 0.84
 0.13
 0.79
 2.30
 5.69
 1.45
 1.66
 4.51
 7.47
 0.36
 0.04
 0.27
 0.15
 6.40
 5.74
 9.47
 1.60
 3.64
 2.39
 2.68
 3.43
 0.94
 2.19
 0.12
 0.08
 6.55
 0.14
 1.10
 0.68
 3.92
 1.43
 1.76
 76.51
 45.92
 10.11
 0.26
 4.09
 0.63
 0.34
 1.92
 0.21
 0.96
 2.28
 0.38
 1.48
 4.49
 0.00
 16.64
 0.93
 18.41
 9.58
 8.28
 0.09
 32.28
 2.87
 0.13
 2.89
 0.18
 0.87
 0.77
 2.45
 0.69
 1.95
 0.07
 1.56
 0.23
 2.61
 0.58
 5.23
 0.09
 40.31
 1.20
 1.69
 0.82
 0.88
 0.38
 20.26
 nan
 85.20
 1.41
 16.99
 0.80
 5.84
 0.21
 4.04
 17.97
 1.89
 0.82
 3.94
 4.60
 8.06
 4.51
 6.84
 3.25
 11.08
 1.30
 6.37
 1.54
 7.06
 7.47
 7.27
 14.23
 2.09
 3.33
 6.75
 13.00
 0.79
 0.45
 17.35
 3.51
 2.41
 1.34
 5.13
 41.88
 3.08
 18.88
 13.17
 13.12
 5.01
 6.14
 3.84
 3.30
 9.77
 2.78
 2.93
 6.09
 nan
 45.44
 99.56
 5.80
 1.41
 1.89
 0.87
 0.58
 1.35
 1.86
 0.68
 1.34
 2.37
 2.77
 4.32
 0.36
 2.37
 0.83
 55.10
 2.70
 98.52
 34.99
 0.30
 88.00
 nan
 9.69
 1.37
 1.03
 0.19
 1.65
 1.98
 4.92
 3.93
 1.08
 26.36
 1.27
 2.21
 3.17
 8.07
 4.04
 17.09
 53.88
 5.24
 2.03
 16.72
 4.37
 1.62
 0.53
 4.35
 3.40
 0.86
 0.20
 1.38
 1.34
 6.05
 0.90
 2.16
 0.30
 2.99
 1.86
 4.78
 4.14
 4.26
 0.28
 4.79
 3.16
 0.35
 0.96
 2.47
 18.67
 16.84
 0.68
 0.39
 0.61
 0.00
 1.87
 18.93
 0.96
 1.87
 0.27
 1.23
 2.30
 4.86
 8.35
 87.12
 3.16
 82.47
 3.09
 5.10
 0.80
 0.00
 0.90
 0.40
 94.16
 1.04
 2.82
 2.20
 1.83
 0.00
 1.56
 4.84
 33.93
 99.48
 2.53
 2.92
 2.11
 2.78
 65.43
 99.95
 2.13
 3.92
 7.56
 0.96
 12.28
 0.68
 0.18
 0.37
 98.72
 39.50
 1.63
 2.49
 0.62
 7.94
 13.47
 0.82
 2.28
 5.51
 0.55
 6.51
 56.89
 94.01
 67.18
 53.45
 4.88
 3.26
 1.40
 10.76
 1.47
 1.44
 2.58
 0.90
 1.37
 5.59
 0.22
 6.09
 73.98
 0.34
 12.05
 5.19
 8.37
 nan
 0.59
 13.01
 2.89
 5.48
 0.58
 0.35
 0.10
 0.24
 nan
 1.49
 2.87
 3.51
 93.55
 75.79
 28.36
 0.90
 0.03
 5.54
 5.42
 7.97
 1.00
 99.85
 99.70
 99.29
 99.64
 39.42
 10.03
 99.73
 82.98
 1.71
 5.51
 41.17
 1.11
 6.99
 52.57
 98.92
 2.92
 12.17
 0.18
 1.48
 2.20
 6.46
 0.64
 0.42
 2.02
 1.01
 2.93
 2.24
 3.55
 0.96
 0.65
 0.22
 0.07
 0.14
 0.13
 19.63
 1.07
 12.38
 1.77
 1.17
 61.96
 29.95
 46.02
 4.65
 0.57
 4.24
 3.62
 0.14
 0.19
 26.80
 8.93
 4.10
 12.47
 2.49
 5.58
 1.09
 21.49
 0.90
 1.64
 0.27
 0.52
 1.21
 8.10
 91.91
 6.69
 11.29
 2.01
 20.91
 15.35
 0.05
 98.86
 19.97
 98.65
 94.32
 11.50
 0.36
 0.31
 8.48
 4.21
 nan
 nan
 99.28
 1.06
 12.15
 3.62
 0.09
 0.76
 0.78
 1.37
 1.11
 1.34
 99.44
 49.89
 3.89
 99.15
 0.13
 95.49
 nan
 13.25
 1.05
 96.62
 nan
 2.19
 3.85
 98.42
 0.06
 1.92
 nan
 99.49
 77.94
 18.74
 4.69
 0.25
 0.40
 5.13
 2.11
 0.20
 1.39
 0.66
 16.31
 2.40
 0.57
 4.04
 1.10
 0.74
 1.39
 0.25
